Left:
('D = ', [-0.3197007585582048, 0.07965287648245063, -0.0008486983336179434, -0.0016480843905950263, 0.0])
('K = ', [358.7258098014307, 0.0, 335.3914007618016, 0.0, 360.4677114594983, 248.74077461600476, 0.0, 0.0, 1.0])
('R = ', [0.999987939885963, -0.003258951311023998, 0.003674141937915959, 0.0032512464722758414, 0.9999925074215165, 0.00210107049029306, -0.0036809616955480115, -0.0020890996101290554, 0.999991043051794])
('P = ', [308.248330434495, 0.0, 344.3686580657959, 0.0, 0.0, 308.248330434495, 243.04449844360352, 0.0, 0.0, 0.0, 1.0, 0.0])

Right:
('D = ', [-0.3143520783422584, 0.07590319983324902, 0.003150389871441344, 0.0028714479394432164, 0.0])
('K = ', [357.1849434428157, 0.0, 315.8306010427806, 0.0, 360.82441719604503, 235.75718635345396, 0.0, 0.0, 1.0])
('R = ', [0.9974168870874329, -0.006820989032017725, -0.07150543658660008, 0.006671066781687871, 0.9999750213957213, -0.0023352628591558284, 0.07151957928294497, 0.0018522130687871506, 0.997437476279059])
('P = ', [308.248330434495, 0.0, 344.3686580657959, -37.35274497915706, 0.0, 308.248330434495, 243.04449844360352, 0.0, 0.0, 0.0, 1.0, 0.0])
('self.T ', [-0.12086442956160243, 0.0008265500204314158, 0.008664846079385738])
('self.R ', [0.9971632865765502, 0.0032710722011888354, 0.07519760628176632, -0.0035765594347936256, 0.99998588881794, 0.003928153205234815, -0.07518369588190195, -0.0041859588685291054, 0.9971609146080128])
None
# oST version 5.0 parameters


[image]

width
640

height
480

[narrow_stereo/left]

camera matrix
358.725810 0.000000 335.391401
0.000000 360.467711 248.740775
0.000000 0.000000 1.000000

distortion
-0.319701 0.079653 -0.000849 -0.001648 0.000000

rectification
0.999988 -0.003259 0.003674
0.003251 0.999993 0.002101
-0.003681 -0.002089 0.999991

projection
308.248330 0.000000 344.368658 0.000000
0.000000 308.248330 243.044498 0.000000
0.000000 0.000000 1.000000 0.000000

# oST version 5.0 parameters


[image]

width
640

height
480

[narrow_stereo/right]

camera matrix
357.184943 0.000000 315.830601
0.000000 360.824417 235.757186
0.000000 0.000000 1.000000

distortion
-0.314352 0.075903 0.003150 0.002871 0.000000

rectification
0.997417 -0.006821 -0.071505
0.006671 0.999975 -0.002335
0.071520 0.001852 0.997437

projection
308.248330 0.000000 344.368658 -37.352745
0.000000 308.248330 243.044498 0.000000
0.000000 0.000000 1.000000 0.000000

