Left:
('D = ', [-0.3222056878997737, 0.07910647737728456, 0.0016366466617478111, -0.0039474814542167875, 0.0])
('K = ', [368.5514204951989, 0.0, 340.53441279951335, 0.0, 370.0512481915708, 246.41929460467776, 0.0, 0.0, 1.0])
('R = ', [0.9998537108493253, 0.0008585274786071086, -0.017082734892354248, -0.0007402710066341284, 0.9999757292455942, 0.006927692153859014, 0.017088267895568526, -0.00691403285430286, 0.9998300791884684])
('P = ', [327.83864759737133, 0.0, 375.14356994628906, 0.0, 0.0, 327.83864759737133, 241.68504905700684, 0.0, 0.0, 0.0, 1.0, 0.0])

Right:
('D = ', [-0.334836671616196, 0.08496757589474181, 0.003063945314445061, 0.009286684281934734, 0.0])
('K = ', [372.1436445810365, 0.0, 288.0166041513345, 0.0, 373.04104892007575, 230.69045458654196, 0.0, 0.0, 1.0])
('R = ', [0.9860602142526409, -0.005562119746400612, -0.16629587094081133, 0.004407000589231739, 0.9999635385273101, -0.0073143668042542995, 0.16633049093248897, 0.006479540096902442, 0.9860487733100681])
('P = ', [327.83864759737133, 0.0, 375.14356994628906, -38.14170475654614, 0.0, 327.83864759737133, 241.68504905700684, 0.0, 0.0, 0.0, 1.0, 0.0])
('self.T ', [-0.11472112223446838, 0.0006471132392185635, 0.019347346806551417])
('self.R ', [0.9887550019548769, 0.004103438938520326, 0.14948815303591573, -0.00619082596687407, 0.9998896936720996, 0.013500894865258883, -0.14941626344899472, -0.014274532468446422, 0.9886713396977521])
None
# oST version 5.0 parameters


[image]

width
640

height
480

[narrow_stereo/left]

camera matrix
368.551420 0.000000 340.534413
0.000000 370.051248 246.419295
0.000000 0.000000 1.000000

distortion
-0.322206 0.079106 0.001637 -0.003947 0.000000

rectification
0.999854 0.000859 -0.017083
-0.000740 0.999976 0.006928
0.017088 -0.006914 0.999830

projection
327.838648 0.000000 375.143570 0.000000
0.000000 327.838648 241.685049 0.000000
0.000000 0.000000 1.000000 0.000000

# oST version 5.0 parameters


[image]

width
640

height
480

[narrow_stereo/right]

camera matrix
372.143645 0.000000 288.016604
0.000000 373.041049 230.690455
0.000000 0.000000 1.000000

distortion
-0.334837 0.084968 0.003064 0.009287 0.000000

rectification
0.986060 -0.005562 -0.166296
0.004407 0.999964 -0.007314
0.166330 0.006480 0.986049

projection
327.838648 0.000000 375.143570 -38.141705
0.000000 327.838648 241.685049 0.000000
0.000000 0.000000 1.000000 0.000000


('Wrote calibration data to', '/tmp/calibrationdata.tar.gz')

Left:
('D = ', [-0.3222056878997737, 0.07910647737728456, 0.0016366466617478111, -0.0039474814542167875, 0.0])
('K = ', [368.5514204951989, 0.0, 340.53441279951335, 0.0, 370.0512481915708, 246.41929460467776, 0.0, 0.0, 1.0])
('R = ', [0.9998537108493253, 0.0008585274786071086, -0.017082734892354248, -0.0007402710066341284, 0.9999757292455942, 0.006927692153859014, 0.017088267895568526, -0.00691403285430286, 0.9998300791884684])
('P = ', [327.83864759737133, 0.0, 375.14356994628906, 0.0, 0.0, 327.83864759737133, 241.68504905700684, 0.0, 0.0, 0.0, 1.0, 0.0])

Right:
('D = ', [-0.334836671616196, 0.08496757589474181, 0.003063945314445061, 0.009286684281934734, 0.0])
('K = ', [372.1436445810365, 0.0, 288.0166041513345, 0.0, 373.04104892007575, 230.69045458654196, 0.0, 0.0, 1.0])
('R = ', [0.9860602142526409, -0.005562119746400612, -0.16629587094081133, 0.004407000589231739, 0.9999635385273101, -0.0073143668042542995, 0.16633049093248897, 0.006479540096902442, 0.9860487733100681])
('P = ', [327.83864759737133, 0.0, 375.14356994628906, -38.14170475654614, 0.0, 327.83864759737133, 241.68504905700684, 0.0, 0.0, 0.0, 1.0, 0.0])
('self.T ', [-0.11472112223446838, 0.0006471132392185635, 0.019347346806551417])
('self.R ', [0.9887550019548769, 0.004103438938520326, 0.14948815303591573, -0.00619082596687407, 0.9998896936720996, 0.013500894865258883, -0.14941626344899472, -0.014274532468446422, 0.9886713396977521])
# oST version 5.0 parameters


[image]

width
640

height
480

[narrow_stereo/left]

camera matrix
368.551420 0.000000 340.534413
0.000000 370.051248 246.419295
0.000000 0.000000 1.000000

distortion
-0.322206 0.079106 0.001637 -0.003947 0.000000

rectification
0.999854 0.000859 -0.017083
-0.000740 0.999976 0.006928
0.017088 -0.006914 0.999830

projection
327.838648 0.000000 375.143570 0.000000
0.000000 327.838648 241.685049 0.000000
0.000000 0.000000 1.000000 0.000000

# oST version 5.0 parameters


[image]

width
640

height
480

[narrow_stereo/right]

camera matrix
372.143645 0.000000 288.016604
0.000000 373.041049 230.690455
0.000000 0.000000 1.000000

distortion
-0.334837 0.084968 0.003064 0.009287 0.000000

rectification
0.986060 -0.005562 -0.166296
0.004407 0.999964 -0.007314
0.166330 0.006480 0.986049

projection
327.838648 0.000000 375.143570 -38.141705
0.000000 327.838648 241.685049 0.000000
0.000000 0.000000 1.000000 0.000000
