image_width: 640
image_height: 480
camera_name: narrow_stereo/left
camera_matrix:
  rows: 3
  cols: 3
  data: [358.725810, 0.000000, 335.391401, 0.000000, 360.467711, 248.740775, 0.000000, 0.000000, 1.000000]
distortion_model: plumb_bob
distortion_coefficients:
  rows: 1
  cols: 5
  data: [-0.319701, 0.079653, -0.000849, -0.001648, 0.000000]
rectification_matrix:
  rows: 3
  cols: 3
  data: [0.999988, -0.003259, 0.003674, 0.003251, 0.999993, 0.002101, -0.003681, -0.002089, 0.999991]
projection_matrix:
  rows: 3
  cols: 4
  data: [308.248330, 0.000000, 344.368658, 0.000000, 0.000000, 308.248330, 243.044498, 0.000000, 0.000000, 0.000000, 1.000000, 0.000000]
