# oST version 5.0 parameters


[image]

width
640

height
480

[narrow_stereo/left]

camera matrix
358.725810 0.000000 335.391401
0.000000 360.467711 248.740775
0.000000 0.000000 1.000000

distortion
-0.319701 0.079653 -0.000849 -0.001648 0.000000

rectification
0.999988 -0.003259 0.003674
0.003251 0.999993 0.002101
-0.003681 -0.002089 0.999991

projection
308.248330 0.000000 344.368658 0.000000
0.000000 308.248330 243.044498 0.000000
0.000000 0.000000 1.000000 0.000000

# oST version 5.0 parameters


[image]

width
640

height
480

[narrow_stereo/right]

camera matrix
357.184943 0.000000 315.830601
0.000000 360.824417 235.757186
0.000000 0.000000 1.000000

distortion
-0.314352 0.075903 0.003150 0.002871 0.000000

rectification
0.997417 -0.006821 -0.071505
0.006671 0.999975 -0.002335
0.071520 0.001852 0.997437

projection
308.248330 0.000000 344.368658 -37.352745
0.000000 308.248330 243.044498 0.000000
0.000000 0.000000 1.000000 0.000000

